row,aa_wt,position,wt_prob,A,C,D,E,F,G,H,I,K,L,M,N,P,Q,R,S,T,V,W,Y,gene
0,M,1,0.37254081285005103,0.020822476600346078,0.004166680215974092,0.009569550650768564,0.06422946583771069,0.0019801310619835025,0.022209645350148677,0.010008829476266004,0.002054316790656846,0.014321701112743881,0.028547306799490996,0.37254081285005103,0.0020101955735066747,0.00205749316881297,0.3501670003534033,0.021971089702582422,0.012549849770885883,0.007014914236621741,0.02219595587747464,0.029085965589991977,0.002496618980580011,9n7_non-resurfaced
1,A,2,0.19964474780140018,0.19964474780140018,0.4685220908796562,0.0040852888376995185,0.004675708256227456,0.007581734244900644,0.01873591387057015,0.002002762700495745,0.010177424252677014,0.004733143798697771,0.028790723087669636,0.0053826981628638144,0.004338570698760832,0.009356118396363385,0.005668754893186105,0.007531346871118011,0.07554578723028697,0.05467719084461181,0.07062313087103655,0.012288490955606121,0.005638373346172122,9n7_non-resurfaced
2,E,3,0.3399583847481274,0.012965400660452176,0.0008859683115835401,0.0668362151334607,0.3399583847481274,0.00027342366503096916,0.007367029629207467,0.013719581425473235,0.0007268625881153829,0.005751003839671532,0.002270574056459622,0.0012636027417183792,0.0033252276960524982,0.00036462848992139483,0.5177182650519168,0.004708405759827355,0.0039021717756220855,0.00352196649486746,0.007181043470308989,0.0032804473078387837,0.003979797154344323,9n7_non-resurfaced
3,V,4,0.7967147422664332,0.009299210703665989,0.0004960153055346629,0.000286937799826884,0.00043842967473523193,0.05547656790067144,0.00025965127178261633,0.0003747922871150788,0.10010987805872401,0.0001480714413760948,0.019470374631904614,0.0030319101970771086,0.00031563609200523356,0.003283769663837368,0.0005337314972957301,0.00013014031059452818,0.0014401751303958132,0.004476996575896146,0.7967147422664332,0.0005498175621605165,0.003163151628967654,9n7_non-resurfaced
4,Q,5,0.6911872045448513,0.005354232935284897,0.0004340278327298292,0.001093211821819869,0.035892736587296234,0.0016706849837299332,0.0029302229011007935,0.016979261775297034,0.004929066020659068,0.047043459093734266,0.03566377060338888,0.011004743354560968,0.003860281093700124,0.0010610428593390445,0.6911872045448513,0.03888787310197913,0.014889236479993727,0.035280545251205296,0.03749531940261024,0.01032550632844183,0.004017573028277533,9n7_non-resurfaced
5,L,6,0.9661618828966213,0.0005596572956908111,0.00012267138688848038,2.3956638201047462e-05,0.00010849492813118188,0.0034208474691288433,9.283178994695757e-05,0.00036118121096193024,0.007022122375511588,0.00013243689611127914,0.9661618828966213,0.0017909289873478656,3.900007008167962e-05,0.0048849035413164816,0.0019366820846810455,0.0007375512441909382,0.0011117750257324346,0.0006480444035103858,0.010535012211858147,0.00021258549313488866,9.743405095268057e-05,9n7_non-resurfaced
6,Q,7,0.04391282628249338,0.024248150274941906,8.941179432323287e-05,0.0024940310919997063,0.030935974157106656,0.001517861704384458,0.0014289572292741888,0.0011717443504073836,0.020518335228993562,0.0055083014134992515,0.0766427920380858,0.013243135729710977,0.00028533052075973127,0.0013458818303774187,0.04391282628249338,0.0038160039978801194,0.004449910912249783,0.0234714326236569,0.7430703117194458,0.0015739042616014006,0.0002757028388083529,9n7_non-resurfaced
7,A,8,0.02714685940918726,0.02714685940918726,3.933428816906619e-05,0.01790694320133878,0.8964947047458554,8.23667427506396e-05,0.0055960078999042154,0.002190259241143071,0.00015684097703664825,0.008664663609124743,0.0006578392348499807,0.000135649788238657,0.0007066869172717759,0.004468034502870554,0.027383235108405832,0.0011279956381853072,0.001087367691538464,0.0005686455211119011,0.004706066527434799,0.00020446401332375864,0.0006760349422592358,9n7_non-resurfaced
8,S,9,0.9230777098619534,0.010082987208812373,0.0020116474230032653,0.0020969047059686808,0.0011247146506437888,0.008024500708331996,0.0036450469642220424,0.00045985347339330993,0.0014130450467387508,0.00029776146767742783,0.006064901413669699,0.0003389860871581855,0.0025268146362402133,0.01603998139903939,0.00041168433568361025,0.0010785281598920218,0.9230777098619534,0.01675652139060893,0.0012543304829536728,0.0007232940604254248,0.002570786523583813,9n7_non-resurfaced
9,G,10,0.9417679204713679,0.01200759144638714,0.0007515097339545825,0.007637098359872391,0.014717242728092522,7.729479836879261e-05,0.9417679204713679,9.296781046944434e-05,0.00013539875122524792,0.001956050985202384,0.0002790336622431828,0.00010712934590580488,0.000799043544796951,0.0010397457542500126,0.0007868813513834614,0.005836657832126301,0.007518079732631157,0.001307800790479269,0.0025955016300586433,0.000529054482071091,5.7996789113658604e-05,9n7_non-resurfaced
10,G,11,0.8142620390816787,0.03672878578553462,0.0017989134287612096,0.011327874092506693,0.021876677858659134,0.0003473203587452681,0.8142620390816787,0.00032443990811739686,0.0002513040389489144,0.002932183388469603,0.001856822629844354,0.0002247528978825253,0.0012287556860754883,0.043932527219639084,0.002031109549764577,0.012352360455475657,0.037992681124074015,0.0035176150207158366,0.005358875479865608,0.001473832753482839,0.00018112924175842356,9n7_non-resurfaced
11,G,12,0.7484542324018676,0.04701007916188867,0.0011216020065246625,0.08464534569974115,0.07256062944517305,0.00021067204185268735,0.7484542324018676,0.0002071548297410187,0.00047196986885210927,0.0018509372435201075,0.0006586921195642818,0.00023830507394478095,0.0027828794764497558,0.0002951162338327774,0.0012723629460892085,0.0033374081173852587,0.018384337582879766,0.0042931173903910155,0.011444034014447773,0.0005403714222998439,0.0002207529235544769,9n7_non-resurfaced
12,F,13,0.0009596384670753455,0.0039893924369080415,0.00014095498647048992,8.041850066098003e-05,0.0017593381016126593,0.0009596384670753455,0.0001200661662951512,0.0003250037962715992,0.004245728684366217,0.0007114947390320907,0.8390048309958371,0.016025012708694365,0.00014229113587143626,0.0012753150341808903,0.005857619365541408,0.0013135637114885341,0.0017872013294410152,0.022366271646677524,0.09908049395946701,0.0007593034318544674,5.6060802253629605e-05,9n7_non-resurfaced
13,V,14,0.8864480385018052,0.018704394558412198,0.0005599032833644849,9.213855700618513e-05,0.002495025992879439,0.0011847879693403205,0.003375010346835744,0.00018254764817153714,0.036475252286437325,0.0029390627637125803,0.019718236934264468,0.009692204427558134,0.000128547127516628,0.0005951380772625847,0.0019179614485391727,0.005259132566238118,0.001757968823383777,0.007399995157630994,0.8864480385018052,0.0009007634417881559,0.00017389008785291787,9n7_non-resurfaced
14,Q,15,0.2176688600873969,0.05057926065684419,9.711480703520112e-05,0.001446188958261823,0.03875837970498514,0.0011642440197836411,0.0022807544114307274,0.004970113470572876,0.003848259379775481,0.3235337979696352,0.036311658258455365,0.018118462265791797,0.008842864037767698,0.12587150516164453,0.2176688600873969,0.047816111130141746,0.02804685931841851,0.06801738502726568,0.021632835811536934,0.0007872810266473942,0.00020806449660917885,9n7_non-resurfaced
15,A,16,0.020283209203988534,0.020283209203988534,5.546749069046658e-05,1.9183373568756515e-05,0.00019277316262591187,0.0001822853903756367,8.382669174836517e-05,0.0003798320725929975,0.0015568680831974863,0.0003381588871012968,0.01304843852041133,0.0004896796051425182,5.863794245753068e-05,0.9273064295402179,0.002791604901413887,0.001193870915059924,0.010516951070948369,0.01537166528949266,0.006076296083541534,2.9328437935555493e-05,2.5493337489301535e-05,9n7_non-resurfaced
16,G,17,0.948096009554655,0.008208952490914093,0.00024891392707235543,0.0037433194227311233,0.019934863854893705,7.238359513351216e-05,0.948096009554655,0.00014517941351138822,2.636953576549701e-05,0.0008078228782040129,0.00022447560145364779,0.00016832083280596038,0.0009303736840760466,0.00020927638687805183,0.0006951437112518513,0.006838009369815304,0.005946597260167078,0.002212682315244232,0.00037175392098636004,0.0010577949487763617,6.175729566436709e-05,9n7_non-resurfaced
17,G,18,0.850704525937947,0.019926496171769746,0.0003208289259277247,0.029545428909413286,0.05977943449000889,1.1239750336155983e-05,0.850704525937947,0.0004267287607888361,2.775203232821826e-05,0.0011277926990088073,6.306230532711601e-05,4.0049761452814914e-05,0.0012640378697595313,0.0001655084433307929,0.013153940408298002,0.008422790232626548,0.01264309207173179,0.0012788702598158265,0.0009425680628847282,0.00013544591067692283,2.040699656723924e-05,9n7_non-resurfaced
18,S,19,0.9636057728719197,0.005501099638692061,0.0005885852199567844,0.00021983211554078708,5.6447706217296085e-05,0.005844115271662233,0.000831393747740224,0.00011017512354702322,0.0003905851827458928,0.0001360023217038456,0.003957006312613793,8.80433983142935e-05,0.0011856802373176943,0.006234382849065364,0.000114054255718992,0.0009507708035566153,0.9636057728719197,0.009159012529336466,0.00031951269207552594,0.0002046004769825809,0.0005029272452928468,9n7_non-resurfaced
19,L,20,0.9829585881833242,9.431668396882988e-05,2.9512976297719993e-05,6.465494486675655e-06,3.2496056452941675e-05,0.00106275499820562,2.855360837967154e-05,0.0012334936071471845,0.002756922520029367,2.2353688343116848e-05,0.9829585881833242,0.0025481735147047544,1.4987832982975064e-05,0.0008709443127546204,0.0017831375930728963,0.0009667353269436368,0.0002528319118605787,0.00023330583192544341,0.0049734780813963635,0.0001003243604112046,3.0623417312276404e-05,9n7_non-resurfaced
20,R,21,0.3698462992376529,0.0009123424024709204,0.0004189286963221548,5.514578146910744e-05,0.0013041397129383227,5.204671973615591e-05,0.0008123747439546591,0.00047621990339664515,0.0005623861250480953,0.5815165080071999,0.0007966300829015608,0.002453784207734244,0.008386872089747387,0.0005601484429533945,0.009932154571823072,0.3698462992376529,0.004455699886852871,0.016863373520787373,0.00015353768400709798,0.00034706716580768583,9.434101719647311e-05,9n7_non-resurfaced
21,L,22,0.9931166049475769,9.518455848226837e-05,2.5395633304845306e-05,7.047084132228669e-06,0.00013888488098765423,0.0004826601498274473,1.4974953272339832e-05,6.69249836079991e-05,0.001463640369632568,2.344545085586506e-05,0.9931166049475769,0.000699418453076882,2.4854739886249475e-06,0.0009506309091829133,0.0007487130595361607,0.00017059719436216585,0.00012635317556585003,0.0001088192066742903,0.0017137346675056503,3.661029161991074e-05,7.874556807400191e-06,9n7_non-resurfaced
22,S,23,0.9161933129729427,0.028064081219608274,0.0013339759209251053,0.00021231955300691,0.0003081727702300891,0.003321759166438103,0.00324254005292523,0.00043873280141419206,0.0013733105730314057,9.52063515029874e-05,0.005234402506194633,0.00037278738499648784,0.0014536665645637325,0.0070729969425546175,0.0013266423357983874,0.0010062779343942977,0.9161933129729427,0.025941980330514224,0.0020149919361711244,0.0002494390889957027,0.0007434035937917515,9n7_non-resurfaced
23,C,24,0.9803744953915511,0.0005167814150645622,0.9803744953915511,0.00010644502022985481,8.621380711029536e-05,0.0008682550801242014,0.002694362781077916,0.00023580121956452547,2.354492120042861e-05,2.7168197852936157e-05,0.0001170125049248757,9.487187764551099e-06,3.1385491130702606e-05,0.0006683073605866818,9.001106559874248e-05,0.0036805559033407224,0.0026646796650306765,0.00021389853016284377,0.00014030337275192843,0.0013096027408025037,0.006141688344129959,9n7_non-resurfaced
24,A,25,0.3132592114045362,0.3132592114045362,6.549639972714477e-05,0.0003643590007462004,0.001547812640518106,0.0006247954768450716,0.003333428383506386,0.0022037646650104304,0.014717390074236307,0.015061576446197331,0.008002441212888749,0.006611600256249778,0.0008442964438332057,0.0030095304781050996,0.005309743671315886,0.00753040533835099,0.027933232864747696,0.4203122217781064,0.16879130716047458,0.00013186711409727522,0.00034551919050710377,9n7_non-resurfaced
25,A,26,0.5238738206974072,0.5238738206974072,0.006760393833823968,0.001114192997720422,0.0015767871621560226,0.0042515640864414,0.016999973995720025,0.0003207621275992219,0.033889534431428156,0.00021540526475452495,0.018811452637991877,0.009895889395986917,0.0004615506683759968,0.004716550240281774,0.0006269628333322984,0.0007934858767922366,0.042275262236135064,0.14114032349281685,0.18967879985928787,0.0002487645685392642,0.0023485235934089187,9n7_non-resurfaced
26,S,27,0.856991475575446,0.005332578143454263,0.00013298061155849784,0.0011848241030777377,0.0006949655369137673,0.0050021581208414476,0.0020241669352028197,0.0005449013196612893,0.002263151117389457,0.0008770863796234293,0.0037673870650338317,0.00063280318417474,0.004994779119976962,0.004390298691795388,0.0006524377035036145,0.0021957337128306214,0.856991475575446,0.10400805362686863,0.0013889313149357096,0.0008904423898208118,0.002030845347891042,9n7_non-resurfaced
27,G,28,0.9682238083698407,0.001239504215170182,0.0012795370831544283,0.007054740882907743,0.002132696131498028,9.73452024617617e-05,0.9682238083698407,0.0002862897767290254,5.228627449662673e-05,0.00020465302338101775,7.530558620121925e-05,1.6625220976036468e-05,0.0008762689640386857,0.0001576367530417639,0.00040985247240262504,0.004021159911898533,0.008470914066927302,0.00039939743921313446,0.000635318543376129,0.0037548895964504983,0.0006117704858345615,9n7_non-resurfaced
28,F,29,0.5289629409245844,0.0007042810174966912,0.003269322250606687,0.005096018080222312,0.000684266816821074,0.5289629409245844,0.0008680510650889885,0.0030700126188727217,0.0068154936677829545,0.00013776829767008116,0.013303104463480295,0.0013442489846692805,0.0012839464473735685,0.0002619473948840509,0.0004488425705718319,0.0004340696313051127,0.00554320314866484,0.0009126380848563661,0.002790696948950161,0.0025495964790610494,0.4215195511070375,9n7_non-resurfaced
29,T,30,0.6560961599650744,0.013588774429350718,0.0001558141073762216,0.03643449974450954,0.004140253749127949,0.002533982516710198,0.010053230370147517,0.001541396733467243,0.049922205459832066,0.0031753645777959044,0.0026173358214510727,0.0029617062309724423,0.04582017159846085,0.0033019526461471596,0.0021174225303546733,0.001573465789951664,0.1487345499458411,0.6560961599650744,0.00905140640646832,0.000189585161428663,0.005990722215532312,9n7_non-resurfaced
30,S,31,0.002630899939681638,0.0009000638077194544,0.00047241582439325484,9.770090640326544e-05,7.788036388545396e-05,0.867145399675477,0.00032541868697147223,0.0002383111564130625,0.042435175486196276,8.174621706148699e-05,0.05614942100087828,0.007081363071371764,0.0001756648370263004,0.0008437402632737363,0.00017246311452184058,0.00025471653990435353,0.002630899939681638,0.0014906825917235917,0.014430049338552818,0.002008714384606284,0.0029881727939387146,9n7_non-resurfaced
31,R,32,0.0063305644925890775,0.019881947585872327,0.00015764084492597794,0.029598346951254274,0.003666565714777649,0.0015586751848073437,0.06945200482907335,0.0004112154771800195,0.004988531093110886,0.002325291453244114,0.0009137585092038192,0.00043849845246861385,0.015144394017468085,0.004307230868594497,0.0009109247241016685,0.0063305644925890775,0.628318733616881,0.20288025841519503,0.00225093482302261,0.0010011781336834197,0.00546330481254627,9n7_non-resurfaced
32,T,33,0.0453851911377812,0.01864881190270711,0.00025999081523969117,0.4149903601353431,0.016242602467469298,0.003686499383196269,0.048313779601304785,0.01482227370443185,0.0030092951320318776,0.006370319136627773,0.0031661056608568625,0.0005548655353355111,0.06289328526989874,0.004072867024464055,0.004144905734509629,0.01230891270143381,0.2785969225734745,0.0453851911377812,0.0032144515630157457,0.004398260205902916,0.05492030031497532,9n7_non-resurfaced
33,T,34,0.045008194337874737,0.026561040951212367,0.002220246602280754,0.03536960056466168,0.005960791323785343,0.027122990619933104,0.02319488320639655,0.03162497213135066,0.00832756044382718,0.01879656095699958,0.0050635157532202,0.0021515262809654323,0.15808012867846924,0.0023611624866858817,0.0060809521626691765,0.02049371590919736,0.09225086388283767,0.045008194337874737,0.0074213257167335235,0.009545254982610663,0.47236471300828886,9n7_non-resurfaced
34,A,35,0.07957503922293438,0.07957503922293438,0.009281029018813601,0.07198247043608963,0.017188052283138307,0.03393249586559509,0.14395878512607657,0.03586621618808626,0.013195089565991679,0.0063974280726394675,0.007955716818279605,0.004888464012610493,0.04425451949338409,0.003490475720963478,0.00846545134846381,0.016637990536128182,0.12536084527422667,0.05213482096942856,0.030431392912255772,0.03582376315216132,0.259179953982733,9n7_non-resurfaced
35,M,36,0.4608110341706812,0.031199598013657265,0.0005140289385470679,0.0004838844672741659,0.0008025553365834068,0.005934794268403207,0.0015322589845694974,0.0003783855280344819,0.18418734617827826,0.00019068962240856833,0.04109246012699527,0.4608110341706812,0.002017258570297897,0.000929351451718726,0.0008369141434006807,0.00023952099575803105,0.005685677999301485,0.04204983466121576,0.21414523771202493,0.006358488161105903,0.0006106806697441767,9n7_non-resurfaced
36,G,37,0.0278754303515693,0.034336417534996326,0.011385597460092786,0.013731384905961748,0.008324019217447685,0.10110467897029492,0.0278754303515693,0.15131527346633059,0.011361849022654344,0.0046151325710100674,0.022930710195425186,0.00684554158616247,0.07158563392590045,0.0006319044997352186,0.058743588598270065,0.024081701774284488,0.17478453495331106,0.035613113559673976,0.010433748462059956,0.013091339645132576,0.21720839929968683,9n7_non-resurfaced
37,W,38,0.9820943653569701,0.0002037700238627991,0.003980781396886831,6.503304494596775e-05,7.418279025139603e-05,0.0013299163921228106,0.0026930588648539514,0.00024934137543027593,0.0006464179255558346,5.531455351098921e-05,0.00238317419303563,0.00012696100426222578,6.932569240249725e-05,0.0002162791668113028,0.000248355782478279,0.003125126398662115,0.001087637223192241,0.00029215361763586093,0.00048638640539662664,0.9820943653569701,0.0005724187917322117,9n7_non-resurfaced
38,F,39,0.03174254620767558,0.01054602173785357,0.000550797938233884,0.0014425987097436198,0.0017876283515527453,0.03174254620767558,0.0011601853055938699,0.002245274051898965,0.2298863978998962,0.0008792715115550384,0.04497724792683065,0.020083144011582833,0.0035986273168713916,0.0002257225927005012,0.0036270663098606597,0.001703855842827383,0.005233904952300054,0.009649180784917425,0.6140199242300544,0.0009360198109715346,0.01570458450707978,9n7_non-resurfaced
39,R,40,0.9350070206285247,0.00020953819375818053,0.01007877104575396,2.627131378274837e-05,9.959610456743038e-05,0.00011336405791383564,0.0009132042501926782,0.016275101610965573,0.0004937632228403353,0.014603926681036352,0.0015732751996339375,0.00029380236552914603,0.00028732233887257975,0.0009117980072167729,0.008911337533972061,0.9350070206285247,0.003021290666589652,0.000511591847859896,0.00029216586054549016,0.005569298889431082,0.0008075601810136198,9n7_non-resurfaced
40,Q,41,0.8834544833907656,0.002206403408882537,7.463664230975932e-05,0.0004955458624665283,0.01633199728216674,0.0002199508282448349,0.0008442012367172471,0.007546262557868604,0.0007996777861684367,0.0361201842698773,0.008858817011826002,0.0015419874027051933,0.0011204282336577272,0.012023736406645051,0.8834544833907656,0.01861142682094242,0.0034558171077930934,0.00286375904886335,0.0014975466739834682,0.0012812482037325712,0.0006518898243835602,9n7_non-resurfaced
41,A,42,0.6145195946923435,0.6145195946923435,0.0008527069363107214,0.0041298856458378795,0.004077469778956807,0.0065286566735754115,0.018115176640712355,0.007080568015464574,0.0089512658848928,0.003845920947081279,0.03180749350842339,0.0031608510452744167,0.0035677462269011265,0.14892338072686528,0.004377806574991491,0.009995743733945003,0.03751331079357462,0.03915208016803778,0.0417503806867969,0.0010524902542352662,0.01059747106577943,9n7_non-resurfaced
42,P,43,0.7603426511382343,0.1786392119848889,7.747262462303821e-05,0.0009355103344232172,0.002394497432585892,0.00041313825680522434,0.0009174811116326154,0.0009121344249821634,0.0008376556103770261,0.0006299191887240998,0.01096754064621363,0.0005594592248490038,0.00021516438411899272,0.7603426511382343,0.0048475633465710445,0.0009995997718397268,0.014001818945657362,0.008399019093264105,0.013709563453200752,7.534799981190781e-05,0.00012525102719697896,9n7_non-resurfaced
43,G,44,0.928747429042876,0.006711386354379299,0.00086540914171842,0.01683615289621164,0.007461129075476522,5.7438241654591765e-05,0.928747429042876,0.0004759486641930899,6.583079248274712e-05,0.0010967023907536837,0.0002295407552993482,7.228216068490934e-05,0.004602032800967077,0.0003369262183482543,0.000488779945397122,0.011016885634508884,0.018579575708130947,0.0007529525428425259,0.0009777500498361303,0.0005003442468611142,0.00012550333737769117,9n7_non-resurfaced
44,K,45,0.745275467045005,0.0026409849408732026,0.00016973319133133604,0.00037251673125756474,0.02162228161366621,2.5970042947049217e-05,0.011548667417863801,0.0020905782386418685,0.0008677027325399621,0.745275467045005,0.0012454373498689717,0.018405942606117536,0.006025176131978165,0.00041359732725723496,0.08046922137821294,0.09059904028841252,0.0033669715090025565,0.013246940570294002,0.0010301457830481841,0.0005248092494802383,5.881585220160962e-05,9n7_non-resurfaced
45,E,46,0.022617318491371677,0.11041485705390808,0.00037325433231166403,0.011522558172004095,0.022617318491371677,0.0002987496052814968,0.7279964500735411,0.0008982934982313221,0.0015700874171761532,0.021280175069299457,0.001824846910090651,0.0020916906873277665,0.006066344509991859,0.010931058063175037,0.006654298879688829,0.02533043048011518,0.02347868615674567,0.013088678997371279,0.01224112527073424,0.0009806880772448346,0.0003404082543896798,9n7_non-resurfaced
46,R,47,0.003501228097898518,0.004911746339959145,0.0002430526307364229,3.7163368801640834e-05,0.0001573439162791429,0.011933358598219198,0.00018298442956505485,0.0013461637339095716,0.01246618520698879,0.0008179005602088795,0.513223404436324,0.03994382902856881,0.0001759640065832762,0.38444448867687475,0.0029205504631023816,0.003501228097898518,0.0024932002870247136,0.005765100429274197,0.013769422604900109,0.001011000186866239,0.0006559129979152266,9n7_non-resurfaced
47,E,48,0.8456154023830527,0.014697486607033947,0.0006196104310885932,0.01658340284121733,0.8456154023830527,0.00040343857163340554,0.010115822793547108,0.0015965209569545982,0.0012472220342668202,0.022355494545719022,0.0018866815515306262,0.0010513344631409992,0.003447112593641505,0.0008900123468971513,0.04802548496933358,0.003984749835899793,0.003962998000003889,0.005631884727654635,0.016667765069098117,0.0005118422962146986,0.0007057329820715602,9n7_non-resurfaced
48,F,49,0.009159160842214327,0.0003424975679928462,0.009469028773981971,5.7526788805084704e-05,5.551027111368071e-05,0.009159160842214327,0.0008413760145304244,0.0005991056969807544,0.00039722850831645345,0.00026419581654793105,0.010383129575915966,0.0004922571338158779,0.0002256676688114518,0.00032148673302504795,0.00029996982511163714,0.007841750212847227,0.0024029176188038724,0.0006012567035356177,0.000290314287566147,0.9525592496741643,0.0033963702859194163,9n7_non-resurfaced
49,V,50,0.5500390101497141,0.010068389423155653,0.00037032824753791346,0.00024432947808718177,0.0014134632404299915,0.012646974934269521,0.0006070162679901048,0.0006043448314455749,0.18144941042552876,0.0004536242572146575,0.16523464946961364,0.058342174411712175,0.00034889676704981544,0.0005932028145469213,0.0020198123332825562,0.0007512256995363516,0.002007578363567396,0.008894576586527847,0.5500390101497141,0.0023026727036446456,0.0016083195951452033,9n7_non-resurfaced
50,A,51,0.16792884091329632,0.16792884091329632,0.015542105737791453,0.003913677362571844,0.0015877911932883617,0.009701975399313261,0.268873973122136,0.021715721568003547,0.003387675485687518,0.0009628186300430805,0.007968674056275713,0.002598421877915027,0.012607555616545805,0.002258748542478629,0.004328529051981546,0.0039237076632394905,0.3772898122403197,0.032854028385047876,0.008329171547764615,0.002068693975098979,0.0521580776312012,9n7_non-resurfaced
51,A,52,0.05421697204895786,0.05421697204895786,0.009086622675732412,0.011598551621301465,0.012205818648800498,0.08260666157353841,0.04569861473808091,0.04856114974101535,0.04006952131128141,0.023968209481365244,0.07932476927801253,0.024411568370321775,0.010756219285409124,0.00161317986449514,0.02420108122566977,0.13153266762117366,0.07586006693479184,0.0476206649595095,0.06314360985236517,0.039699676159965336,0.1738243746082126,9n7_non-resurfaced
52,I,53,0.4041514376928367,0.03636181790716297,0.011170245728772867,0.0026767375529226653,0.003462188873147309,0.07048400092065914,0.0157480886339891,0.006048887400225528,0.4041514376928367,0.004339266524006345,0.07483372279030066,0.040661990530098634,0.0067590963747324205,0.001580626745321494,0.004153695317184642,0.008524297138038976,0.026223182427354066,0.03518845686917577,0.19371264958417075,0.012544186573802182,0.041375424416097775,9n7_non-resurfaced
53,S,54,0.1412200278602577,0.0248048585463679,0.003961041505695776,0.06807413749325102,0.025427359171000703,0.029547909673537272,0.0370906142460543,0.03917988672971234,0.01684663564990543,0.019338571918254856,0.018369376918033486,0.006958890056364639,0.0968298610350719,0.007285489433741059,0.021975032330330584,0.0352265309344068,0.1412200278602577,0.0365219853187562,0.01417954324338264,0.03330580567906651,0.3238564422568089,9n7_non-resurfaced
54,Y,55,0.14627047418495268,0.03362088655571552,0.00353938695229848,0.027736255098772075,0.01743183864150112,0.018858823172927794,0.05744980699683128,0.02059100951060127,0.026370198402871126,0.058764316105857195,0.0314168429712695,0.006569793415572605,0.01952615660434248,0.02690257176025344,0.020207084410018148,0.09416732322061348,0.24897557863185682,0.09480091756502441,0.019553216805266255,0.02724751899345431,0.14627047418495268,9n7_non-resurfaced
55,Y,56,0.08191163597512062,0.09733735420396314,0.0013313837723512188,0.053629497105931824,0.028849163282610193,0.010393448745031899,0.22089829750742201,0.007362064615607923,0.019667844578039835,0.023283463960265465,0.017989580031072754,0.006030964345217759,0.041611439383439246,0.08165222341437403,0.010723226608940147,0.01971631025702633,0.1766004769034129,0.06284543122530509,0.020030242748083783,0.018135951336783834,0.08191163597512062,9n7_non-resurfaced
56,S,57,0.3082283089230989,0.03539539055656927,0.0020884789547460448,0.13760417930793262,0.02920790916579443,0.0065116593019200215,0.13783569803380782,0.010516399078722477,0.0059756155831350724,0.03489203665595022,0.010290631063394227,0.0028855328854793627,0.05349018851203379,0.007789234046024144,0.011218556738170897,0.023184048250808716,0.3082283089230989,0.07597778417338116,0.012297619729884985,0.020419595812114902,0.07419113322703096,9n7_non-resurfaced
57,D,58,0.06518295062456986,0.024530913255260935,0.0010587608558675333,0.06518295062456986,0.011629885762791047,0.0036837161507148886,0.311697556683487,0.006855554722079553,0.0029317824402901992,0.016765630939046018,0.0037519958185611604,0.0010933972484481174,0.08877508510106681,0.007498576411735398,0.005551497847930729,0.01746505377519179,0.30397110490500523,0.05635473612691202,0.005026797529003316,0.005741393986885996,0.06043360981515246,9n7_non-resurfaced
58,T,59,0.059128148808411045,0.05089331502764007,0.0017040992678126548,0.0389256718256498,0.01757068960339782,0.020693476974448018,0.1366162037366737,0.01140193444694109,0.007076010978742059,0.060315600918468285,0.022233292951533982,0.00377219917213464,0.06249491221005655,0.05458883387623654,0.010830731592238397,0.04090232927393165,0.19900409185425968,0.059128148808411045,0.011858154309980315,0.01454283893297284,0.17544746423847085,9n7_non-resurfaced
59,D,60,0.012038137962496321,0.1117925028061744,0.0017693861864907833,0.012038137962496321,0.019197000915623957,0.008340770842526388,0.01735711750115718,0.005615469082004331,0.04552807589135295,0.12779169832923243,0.021867956397996692,0.007038007435038897,0.034556218035600966,0.10933366371373031,0.017455388121597092,0.0450162571178255,0.08380516722581725,0.21279928196606676,0.07840028496467827,0.002655770410696181,0.037641845093893345,9n7_non-resurfaced
60,L,61,0.01770495159057034,0.022977191731564362,0.0002947319989021546,0.0010896263925412582,0.0028244665611567195,0.004835227152866828,0.0016688010445257936,0.0024642815268762696,0.1177941668828832,0.0968616689781625,0.01770495159057034,0.014220752858125317,0.007057871171293302,0.028005387013387104,0.009715434991401706,0.06421120221609533,0.01919932276019185,0.5234738139414687,0.0568231390340989,0.0011112159292815706,0.007666746224606768,9n7_non-resurfaced
61,Y,62,0.2756856826889909,0.022746466979862667,0.0018225681703198486,0.008518430279880288,0.007350916373286347,0.036520415331187855,0.010941584792985407,0.10274884679755972,0.02504187634027204,0.1195380095937999,0.06804188245119064,0.007892149669633652,0.03649181225017214,0.0027268931900458118,0.06737824775217323,0.10901443049503678,0.03459857293919061,0.043090204363922295,0.015346427599978472,0.004504581940511414,0.2756856826889909,9n7_non-resurfaced
62,Y,63,0.8826432400690837,0.0009085732800540124,0.0006968897251296737,0.0011017997643360678,0.0005941038475577093,0.058784180642471276,0.0003160034805604417,0.011178312448219412,0.0020201178095016945,0.009486855485759624,0.007762890746023262,0.0007545979574916788,0.007735635443132437,0.001893003667960268,0.0016660489675713638,0.005116220691939474,0.0029668895907655527,0.0010684684644639464,0.0024362669586171825,0.0008699009593612621,0.8826432400690837,9n7_non-resurfaced
63,A,64,0.4541658682388853,0.4541658682388853,0.0006608883554882975,0.001977619319041488,0.00656975316419006,0.0011229108529954945,0.0387146069469538,0.0013353291815055325,0.007950891691747765,0.12155070480516203,0.005370184697989299,0.0020133969004579497,0.005151367203003575,0.10192060309504261,0.019761553816336985,0.03852577657946953,0.11125923554025487,0.0359739939113277,0.044607212796321544,0.000474871304233445,0.0008932315995927301,9n7_non-resurfaced
64,D,65,0.7165754038239833,0.01761812241427559,4.743668943282142e-05,0.7165754038239833,0.10297785605959059,3.0190173210298227e-05,0.014857528285102072,0.002602838746407757,6.438666298023724e-05,0.0072853891589831545,0.00019865083661561896,2.8824097224298013e-05,0.05240473102686005,0.03759037840908278,0.031026389484672887,0.0005109673585372496,0.010322946646483566,0.0028483209924196284,0.001592778385913729,5.409468613535205e-05,0.001362766062088976,9n7_non-resurfaced
65,S,66,0.8250387741664693,0.09353172114165331,0.00033805652561506925,0.0027980550795028373,0.0033589921892927302,0.0018098055656845678,0.013113638902469534,0.0005382822491038286,0.0007965692572180215,0.005161003646990865,0.002240325630448186,0.0005269625317226035,0.005305892769652725,0.0069479468296584825,0.002256592121371818,0.0026263995927179426,0.8250387741664693,0.03151851163954186,0.00146082972727537,0.00030188215262935713,0.00032975828098161334,9n7_non-resurfaced
66,V,67,0.9457036776452113,0.012923869302767748,1.2748467922795621e-05,0.00012422932683674948,0.0003867066429443085,0.002939839315296618,0.000282382584378349,5.228601370447332e-05,0.015984926459101077,0.0003301512929771874,0.006183369173210669,0.009778436638079504,0.000131277908690252,0.00040083765796033647,0.00025903271983610004,0.0001070294781775166,0.000590681882300503,0.0036110518026702637,0.9457036776452113,3.9169268171210374e-05,0.00015829641976294905,9n7_non-resurfaced
67,K,68,0.8772337711944603,0.0008966024624764168,2.3746274055842804e-05,4.163123806642158e-05,0.0013576407772604427,8.656242950152319e-06,0.0008283265810572286,0.0014511598282895772,0.0001674850209951812,0.8772337711944603,0.0003835481778449515,0.000812912505652363,0.0046145197957872894,4.125801020172085e-05,0.037227237458815995,0.07233818031184568,0.0010047252930566817,0.0013165803927394078,8.822574926667726e-05,0.00013249939578955985,3.1293289388030175e-05,9n7_non-resurfaced
68,G,69,0.9083733679998376,0.001966555977520401,0.00011305577466163563,0.010570191344677947,0.002280827195709487,1.396158366548031e-05,0.9083733679998376,0.0005914881612263277,2.763768781562354e-05,0.005317680331687867,4.053680325932035e-05,1.9841991445627716e-05,0.0335371516312863,0.00021453746921834264,0.0012438680634618393,0.007227218394338396,0.02728174086306612,0.0008947424223122705,0.00018606445708065102,5.381260941011208e-05,4.5719238318669514e-05,9n7_non-resurfaced
69,R,70,0.9666784314808338,0.00023105830267453192,0.0024048968256572983,6.40774570799889e-05,9.778764246924293e-05,4.5451587709391565e-05,0.0018128530341082018,0.009391298370578852,0.00025757347282338297,0.007588847540198362,0.0010309928048194983,0.0001768283820359316,0.00022599445413116966,0.000347014262211365,0.005987312169118426,0.9666784314808338,0.0020443990219454677,0.00047403440241748293,8.452934427715181e-05,0.0009512630480536311,0.00010535639685681347,9n7_non-resurfaced
70,F,71,0.9749205449001367,0.001443889330779745,0.0011415652330012088,2.880416717726935e-05,1.831450834669266e-05,0.9749205449001367,0.0002927715162501381,0.00010085514648875556,0.0028331895541408086,2.608986269713362e-05,0.006241100730816406,0.00039916403081321415,8.302307593360135e-05,5.886903123507984e-05,2.9509602447090114e-05,4.149893132544049e-05,0.002692868591037079,0.0005645257057244648,0.006971550065679518,0.0001392723816049895,0.0019725936343647087,9n7_non-resurfaced
71,T,72,0.9267073196125927,0.008445453800950329,0.0002313395724816042,0.00034775406290217124,0.00013498910714459226,0.0007205951132028308,0.0006511683219398943,0.00029562829199782694,0.020677497176683917,0.0009544778037451494,0.0012496965622879612,0.003017736105640832,0.0013695172441169096,0.002489103068994406,0.00016857652588925993,0.001162405602146705,0.02734985476862333,0.9267073196125927,0.0037890401978315346,3.730972451864367e-05,0.00020053733630943848,9n7_non-resurfaced
72,I,73,0.8580716838648954,0.01070287420730288,0.00015064321772010258,0.00010756000514018481,0.00017371435159502187,0.0036793818551283677,0.0006356058439545748,0.00011435189768286966,0.8580716838648954,0.0001383786047450867,0.018554879990329825,0.03315519889316437,0.000816845026974021,0.0006277013474389513,0.0001979710784522289,9.14908464196469e-05,0.0041530904943958506,0.017841765654074578,0.050480656579561696,6.78780105430314e-05,0.00023832823048129206,9n7_non-resurfaced
73,S,74,0.8976020775342761,0.0024376629720494016,0.000338842394438962,0.00021654241620136822,9.647227071948212e-05,0.001134428506009072,0.0016585498714871813,0.00018467987413057664,0.0010501223967791646,0.00034653558814876973,0.0018967699203433636,0.00021941256252207153,0.007158737558809164,0.0007958734929605636,0.00038516441488474127,0.0012898956382814133,0.8976020775342761,0.08243267946379244,0.00026140709601351546,0.00013162676035974286,0.000362519267792847,9n7_non-resurfaced
74,R,75,0.8812799083623607,0.002921942985293101,0.002129400743107882,0.00021053965874559986,0.0006811886529393356,0.0002604396080499634,0.005165668170200257,0.004419281313097572,0.001946741802671643,0.04522013084699598,0.003397087290268897,0.003708382621081073,0.001558709130359474,0.0025871050713080915,0.02484805288235834,0.8812799083623607,0.0063275999574621,0.008666749853138351,0.0013949172051338618,0.0028570818355696174,0.000419072009858131,9n7_non-resurfaced
75,D,76,0.9223595757756762,0.001842398180918035,1.7872570383229815e-05,0.9223595757756762,0.05861115811038407,7.990223657183574e-05,0.0009338529018908203,0.00043994999115340113,0.00019384245694787874,0.0001637559078464328,0.0001744296798723393,3.368942538751775e-05,0.011504638779962526,5.710551273428434e-05,0.0007746274239761412,1.2593081654433477e-05,0.0008864675842573414,0.00020176273099044046,0.0011816303790050263,8.99030450639666e-06,0.0005217569658816692,9n7_non-resurfaced
76,N,77,0.6912429614746839,0.004045817906875156,2.02396833148277e-05,0.1954877277718322,0.003000273428265342,0.00016527224613606997,0.0014376618776679119,0.0011478635031494076,0.007227595040778544,0.005274862241829921,0.0004613538409176925,0.00034995439154989367,0.6912429614746839,0.00029010206444391747,0.00041122194922077617,0.0003036165426564172,0.02461857789937724,0.062135851325370806,0.0016535184939870083,1.8493810088927654e-05,0.0007070345078540586,9n7_non-resurfaced
77,A,78,0.34452958087893765,0.34452958087893765,4.529159040072078e-05,0.024237827593891627,0.02002639123282704,0.0017527734778525334,0.0794397792323957,0.0007295370732228019,0.006067375933368832,0.0036455518137249662,0.009068306897194426,0.002262351149079177,0.013284316320457073,0.06016021841950479,0.006811794551968534,0.005678349909652974,0.3487136552397467,0.047687713776926086,0.020726351025053377,0.0025363455652806536,0.002596488318514346,9n7_non-resurfaced
78,K,79,0.7760484239815625,0.026426616785003732,7.637195398911972e-05,0.0011092710048581816,0.009310839665721807,0.00021584380964070546,0.002441892007168553,0.0011865185200700208,0.005123004260750138,0.7760484239815625,0.004622467616520922,0.004158412085502197,0.007319359939250297,0.00012976002719445432,0.03535117273615734,0.09384438510357941,0.00924368809516209,0.016855905462656785,0.0061920251255599985,0.0002426378312177862,0.0001014039884339822,9n7_non-resurfaced
79,N,80,0.8640404443153805,0.0011695300231976157,0.00013595933380202278,0.024693361381960644,0.004597995572345917,0.00010914090698369747,0.0017003534575667607,0.002128288538179693,7.67061891597378e-05,0.01880255723575796,6.578715750904082e-05,0.00010408945633379887,0.8640404443153805,4.3120742458464894e-05,0.0036881578120265867,0.0012515333571374093,0.07369379906668448,0.002144180154440049,3.450873532017101e-05,1.7641381031289914e-05,0.001502845182724101,9n7_non-resurfaced
80,T,81,0.7024053135199116,0.02710816447588644,0.00036153915429507793,0.003617669279669229,0.009821333404724152,0.003004127135429807,0.00048020006257533534,0.0007787521645630579,0.04490763592234219,0.005397423102531472,0.023399024093259134,0.06848328468359675,0.009093849236339338,0.0005232629438927419,0.012663174797058793,0.002442301944726211,0.06678052541752763,0.7024053135199116,0.01693680454109928,0.00043738538272240546,0.001358228737849278,9n7_non-resurfaced
81,V,82,0.09155892013520951,0.024973270616395555,0.0005243597837340341,0.0006011716609406576,0.0014770879398837541,0.03753800909532117,0.0027509869024345303,0.0016903916034150107,0.012659700546833307,0.0003483237490402623,0.7876600775047745,0.018047389343787797,0.0002971424296004847,0.004023278880532897,0.0025897136691315193,0.0020996905434435913,0.002703486770984294,0.0022137859737720376,0.09155892013520951,0.003981836847571946,0.00226137600319309,9n7_non-resurfaced
82,Y,83,0.8536733489311613,0.00026845541965503275,0.0040556075830211905,0.004280540869532385,0.00022741205617707018,0.056410102231877236,5.056399748435326e-05,0.06425926612760245,0.0004783307753769446,9.886095339351016e-06,0.0015053104389462551,2.0070201946185803e-05,0.0045478575149960655,0.00017675165441285472,0.00024278333908247686,8.108317492235385e-05,0.008156009745440116,0.0007744736905109303,0.0004295476917715859,0.00035259846074380804,0.8536733489311613,9n7_non-resurfaced
83,L,84,0.96617859676491,9.140599694788913e-05,3.504506450432342e-05,9.700594078237237e-06,6.219891841373382e-05,0.00848745592677842,2.87445698489192e-05,0.0004225418103539472,0.003540054109988139,0.00011118164896369029,0.96617859676491,0.008777948058112394,3.7922757652792725e-05,0.004943631420605419,0.0011274391620908378,0.0006300050019482071,0.0006278591642455048,0.00034599733611136824,0.004017063136749738,0.00040366197237055656,0.00012154658532585787,9n7_non-resurfaced
