row,aa_wt,position,wt_prob,A,C,D,E,F,G,H,I,K,L,M,N,P,Q,R,S,T,V,W,Y,gene
0,M,1,0.15525991744573098,0.07758437844182493,0.015074221166002903,0.01540964311793823,0.040525769011431505,0.0025551383388462785,0.338882972530276,0.01375960745158904,0.00201602340083814,0.008033033301800257,0.0373089853856444,0.15525991744573098,0.003274039345408987,0.006702133334437524,0.07726092075010833,0.05832508666547596,0.05257209778102464,0.014681089363513384,0.046268106717449756,0.031297172865269535,0.0032096635853892303,NanoE6
1,A,2,0.1783938332267951,0.1783938332267951,0.3871689383737274,0.007414311168899325,0.0037613319768047358,0.009364827555363933,0.12755229626555284,0.0018899560345269283,0.005514160894814951,0.0017784675638092536,0.014897379227655681,0.002146042453053423,0.00384030115283035,0.007923322938259444,0.0023204737776682327,0.006548756112609282,0.1642043515319335,0.032363099991934374,0.03190008216500964,0.007038740000904561,0.003979327587847018,NanoE6
2,Q,3,0.5490303320732501,0.03335258403250181,0.0021116547651113633,0.03174978680009344,0.303202834119063,0.0002728168765737914,0.01695242759496912,0.017476977147150845,0.0005993823778442242,0.007052654133087877,0.004368230876851648,0.0014660611736155252,0.0020531019322935335,0.0006882210201592852,0.5490303320732501,0.009487831637300947,0.0061553862849220015,0.004360355992380646,0.005059804917006766,0.002646673037535643,0.001912883208288419,NanoE6
3,M,4,0.007424826038156549,0.034330131753373815,0.0007338089395539172,0.001567306866751703,0.006014800075140484,0.02802637044354946,0.0011202532056135593,0.0008543627351617829,0.08147374011361357,0.0005205695857209297,0.07260771120262538,0.007424826038156549,0.000502480313528554,0.00368789338989486,0.003062860454894426,0.0005309222054930365,0.004972283760123872,0.011399312693000471,0.7305742547068642,0.006535978361115793,0.004060133155823625,NanoE6
4,Q,5,0.7843962214889758,0.004051752850246421,8.219201257909925e-05,0.003589953778379502,0.07146529104834244,0.00023231051062465573,0.011498778861432772,0.00996321448194113,0.0005951576962242856,0.017446963218852942,0.007115724891246673,0.0024971730668812975,0.0030642333778998477,0.0010735097937398246,0.7843962214889758,0.03529325294701665,0.012885626240613634,0.02090441406488478,0.005730342582563541,0.006702900168027411,0.001410986919527288,NanoE6
5,L,6,0.9811435885929063,0.0002769135710667878,4.623759764073944e-05,2.779719195831731e-06,2.07088093320417e-05,0.0024055468169084993,1.626780606270906e-05,0.00019061073521378806,0.002961471877106077,3.1336152110739646e-05,0.9811435885929063,0.002793008573403499,7.326239558751006e-06,0.0035558562653421723,0.0010710015210389284,0.0004391287882352087,0.00048794926084862,0.00022281209515674776,0.004114534308171975,0.00018015931770019655,3.276195300037236e-05,NanoE6
6,V,7,0.5151349717610989,0.028171661257364783,2.4589202731644228e-05,0.0005658594589899821,0.01635675297986027,0.0006842330679072541,0.0010878305795214357,0.0009322214957519608,0.014931938983598344,0.03706432903069574,0.09035345146076663,0.019288015326408427,0.0002992548655092841,0.0005579638915509952,0.17853462658338543,0.042778562429059946,0.006756755439740902,0.043413351404399246,0.5151349717610989,0.002913383990832767,0.00015024679082611085,NanoE6
7,E,8,0.9010931602316419,0.027390425980036444,3.171383193335825e-05,0.011239118281757247,0.9010931602316419,9.330943763677236e-05,0.003939770857100895,0.0029547607304144696,0.00011968869130383724,0.006246304552870246,0.0006236878108918382,0.00020730348296869435,0.00048108413180915073,0.00257987949671812,0.03624468269994347,0.001027064759805127,0.0009580145995840543,0.0006216388927358296,0.0033437501359846783,0.0001516520051901151,0.0006529893896737743,NanoE6
8,S,9,0.9659791932659808,0.0012305813000487087,0.0005968529014020905,0.00022835272335482043,7.079598193310999e-05,0.003420117384605871,0.0009207535240086962,9.780734594812482e-05,0.0006010836322115673,0.00010314990090481491,0.0026956906787519636,9.574786825173858e-05,0.0011789499925796312,0.005319963371061484,4.832427001822492e-05,0.0012641101414890472,0.9659791932659808,0.014928226504248483,0.00013086620966969243,0.0003807844869768325,0.0007086485165542408,NanoE6
9,G,10,0.9799146828721365,0.0033364344523201138,0.00020831307462423063,0.00403707638781595,0.006380830415274514,7.481173531925791e-06,0.9799146828721365,1.715699152365692e-05,8.41281710218054e-06,0.0002981222170968879,3.493776305081784e-05,8.585505414991907e-06,0.00013053129277856937,0.0004408232209417834,0.0001601326606285536,0.002130966576711823,0.002188511894610006,0.00011826114185002115,0.0004844463690068921,8.860104825909266e-05,5.692125321562876e-06,NanoE6
10,G,11,0.9733133137362843,0.007225345474521453,0.000325746376391698,0.0027600808535640396,0.004997946576211202,1.3164022694327975e-05,0.9733133137362843,4.3107962403117675e-05,1.7619205843851985e-05,0.0005935737245736221,8.277695740161932e-05,2.0453962278933198e-05,0.00017726118589422653,0.001792275080803425,0.00024945015440663116,0.004209853150202634,0.002653445219787311,0.00020583887630152835,0.001057838741161728,0.0002500484457699382,1.0860293504461227e-05,NanoE6
11,G,12,0.9541300747332717,0.01897290925355583,0.0002936033460861568,0.009694932659836921,0.008139090897660201,1.2165573641274238e-05,0.9541300747332717,1.992076713334226e-05,2.9640557471618934e-05,0.00019853828263167992,5.610602906788416e-05,1.976321671981419e-05,0.0003390938509847157,3.079967694185418e-05,9.563527119758502e-05,0.0016121809998374096,0.0036825776938519544,0.00045272984222323936,0.002048436987064863,0.00015657291661885512,1.522744420312996e-05,NanoE6
12,L,13,0.6358200412114551,0.015616712204356847,0.00012504662499796348,0.00019881211412570488,0.005941927166460832,0.0015260049773605296,0.0001593638327810823,0.00035870370715529465,0.00890835316993151,0.0009031633633164733,0.6358200412114551,0.009900855606500373,0.00026659483123321685,0.002100717813804691,0.005984967582028737,0.0011992884076141804,0.0028627513401404286,0.01805972391201996,0.2895412507687304,0.00044443914972500874,8.12822162617082e-05,NanoE6
13,V,14,0.9069726174903705,0.04089004018923541,0.00017878442724116918,0.00013429417236042216,0.0016696030870685266,0.0009631493011621658,0.004666845017663215,5.373418963294029e-05,0.01798045517229238,0.0018909051385583937,0.010219666611571854,0.006646855147790415,7.173319445723799e-05,0.0002417269635669409,0.0004016146915569716,0.002113161016980509,0.0011059517919551343,0.003375430874848707,0.9069726174903705,0.0003649360993828374,5.8495422304308e-05,NanoE6
14,Q,15,0.6665774004474702,0.008172001039863055,4.846651104235999e-05,0.00044519653120795547,0.05498385205076351,0.00031706129315682444,0.00196285732946134,0.003206797504395337,0.0004507898954486228,0.11826555371186577,0.009869226982463206,0.005524903236831428,0.001468185894347143,0.0324826090387013,0.6665774004474702,0.07146484134177881,0.007583785235036875,0.014445806479036436,0.001627643087239775,0.0010646833214407795,3.833906844927401e-05,NanoE6
15,A,16,0.005914322344945637,0.005914322344945637,9.264631597218444e-06,3.159517946057253e-06,1.7972671548395197e-05,5.0685185322958436e-05,1.3427701836528146e-05,0.000170439155038731,0.0002524552714430094,1.544081194399142e-05,0.007656111335743593,8.321748981209828e-05,6.7529345539786446e-06,0.9760169082287042,0.0009530296926525731,0.00020950064226831438,0.004581028020241005,0.0032530807647375127,0.0007837849987152431,5.467681672037066e-06,3.950919276876216e-06,NanoE6
16,G,17,0.798337867996148,0.03987332635603579,0.0003381627603450718,0.005651639045759008,0.01440557022313737,0.00022233925510753105,0.798337867996148,0.00026378346685450836,0.00012816129680225555,0.0012415014679023758,0.0007620804468538075,0.0006167191295097144,0.0020997824885725766,0.0023906398750038523,0.0005660223092839963,0.012900109307495604,0.09305048150292529,0.023800706796855486,0.0011707414292021119,0.0020458976307810954,0.00013446721542449604,NanoE6
17,G,18,0.8309374466769557,0.048581436107693284,0.00033806563857442936,0.017005478887196446,0.035672318772089234,2.0395606688873066e-05,0.8309374466769557,0.0009692576255808256,3.313790574525275e-05,0.0015146874814083468,8.200779384226498e-05,7.440934071451246e-05,0.0013575149649934877,0.0002699348083277275,0.02564737822433447,0.012922387024868157,0.020333247220515223,0.0027479312522590386,0.0013385273967097672,0.00011435592860833706,4.008134289459345e-05,NanoE6
18,S,19,0.9722815317458494,0.004644614981244231,0.00029885892534964054,0.0002504149733026811,2.565046362219981e-05,0.0024460888326027874,0.0009092032373366936,0.00011815517862598316,0.00034744965238000185,0.00021762965346026498,0.001355364610499072,7.08431955319183e-05,0.0013278501948122275,0.0046622487017962105,6.522063388339565e-05,0.0014944521122598402,0.9722815317458494,0.00879808332296771,0.0002472444241073882,0.0001564597457212585,0.000282635414647109,NanoE6
19,L,20,0.9873612926226079,9.55636217206241e-05,1.4073162565924073e-05,6.3756276980155124e-06,1.3872377903563392e-05,0.0010021746520706655,1.574240341732964e-05,0.0012406046900406413,0.001650499385182985,3.610427203588034e-05,0.9873612926226079,0.002126434732037024,7.521325873491915e-05,0.0005939362150601036,0.001198447265454558,0.0007025129494658936,0.00019463750014953347,0.00018814731182028585,0.003396656248945457,7.218937104880508e-05,1.5522332039989194e-05,NanoE6
20,T,21,0.021230291054718815,0.0009269683441522783,0.0002616215510298366,0.0001236800639417564,0.0017906897593457905,3.160183659195801e-05,0.0010943276732809403,0.0006973172061754716,0.0004952402565489391,0.4026160243028904,0.0007068111792511635,0.0017252497684238945,0.011102444710615096,0.0005770026365464595,0.01189925171260696,0.5369680185327168,0.007018393034365091,0.021230291054718815,0.00015306862246315973,0.0005049921341772369,7.700562015792078e-05,NanoE6
21,L,22,0.9901170262172242,8.929712278892331e-05,9.344279365190705e-06,1.7614250739519803e-06,1.607882464898775e-05,0.0003629213570845918,5.109033381580046e-06,1.8532169939560726e-05,0.003407762473654913,7.741700811198426e-06,0.9901170262172242,0.0005420143936638267,6.685647410813962e-07,0.000497350217765208,0.0001447207543619637,9.708172437753247e-05,2.7750815666428023e-05,7.660857734578485e-05,0.004559350927573222,1.707625021567892e-05,1.8031703162082626e-06,NanoE6
22,S,23,0.858753676569142,0.046925072319361355,0.00048642262859802126,7.219343636053659e-05,0.00024223631204708777,0.0025363642883738415,0.0049976450637772875,0.00040345104453609604,0.0013977230354020468,0.0004559590295545341,0.0031647839273267263,0.0010107933094950763,0.0019073770345499294,0.005189418550848931,0.0021799054095156343,0.0035408593432599985,0.858753676569142,0.06392774093397048,0.001871713588444098,0.000280649022612081,0.0006560151528242084,NanoE6
23,C,24,0.9826170774238302,0.00010025230553847587,0.9826170774238302,8.484804352751877e-05,1.5797001390210122e-05,0.000454337098704808,0.0014813420136711476,0.0002342394373598599,7.2303670851719496e-06,6.973976695627676e-06,3.272187997861417e-05,1.4939899591459532e-06,2.6496308586632076e-05,0.00021600190649179768,2.5018251662211795e-05,0.004475740883880814,0.002015118897955958,5.799359199483826e-05,2.8594201292194855e-05,0.0012728019916452022,0.006845920428749543,NanoE6
24,A,25,0.47567170240227374,0.47567170240227374,1.4273878548481557e-05,0.0009842938221825913,0.008456344791473074,0.00041706332274255026,0.010730117276596172,0.001136972517432791,0.007871130580376974,0.013471102303579079,0.01943336514789969,0.009581430587678214,0.0004174256248081194,0.0022005501519587953,0.06269119903986387,0.02186575858279872,0.05234435083472475,0.1286158600977749,0.1831254461366908,0.000712561626134968,0.0002590512744617278,NanoE6
25,A,26,0.6404841748407193,0.6404841748407193,0.002372394002323581,0.0002954470951445055,0.0003043804001393809,0.0026564146180331747,0.04502350272391847,8.941239079686365e-05,0.02160026739696285,0.00010127597266053066,0.029742745202869413,0.011732689055697736,0.00013237945547324223,0.0024649735208332755,0.00018729678600171463,0.0007522592402764119,0.011004113531628642,0.056158453578777245,0.17386179731983584,0.00019936499331266546,0.0008366578745951496,NanoE6
26,S,27,0.8174294014226842,0.014606062550378482,7.54032790242386e-05,0.0015519948187984916,0.0008105171071517553,0.005051382651267014,0.005210895536453906,0.0006226890813918257,0.002706108711579985,0.0005026465676898768,0.0033428921625487384,0.0007993099416171376,0.003637676807321605,0.008452364970219586,0.0008698847271844638,0.0023833080160960527,0.8174294014226842,0.12542544325836813,0.002684711647022017,0.0012980108753248962,0.0025392958678775997,NanoE6
27,G,28,0.9602815474085987,0.004013792116335182,0.00022924817932527456,0.010086252796856966,0.006638487963709957,0.0001048707293062135,0.9602815474085987,0.0001978755046742982,4.3745813892862755e-05,0.00014119328396260987,7.321289548741544e-05,1.805468644661053e-05,0.00028708131087882806,0.00013839424190189743,0.000549724881273198,0.002719806376579278,0.01216904662703701,0.0006570364100662904,0.000743181110097113,0.00029023911940875754,0.0006172085441614948,NanoE6
28,R,29,0.00027598244122496507,0.0012406342748408673,0.0029412492198477216,0.010003117881169903,0.0003772619505923273,0.6579399418077979,0.0008515459257035558,0.003823954395219849,0.0028450311566518274,7.048022609015577e-05,0.008511074637907939,0.0006945999969516472,0.0023267261224189026,0.00013577828956589307,0.0003275232251851769,0.00027598244122496507,0.006644364811194787,0.0006764660150951171,0.002355295942536296,0.0013091312440137452,0.29664984043599135,NanoE6
29,T,30,0.28650450511814357,0.03689156368197217,0.00017458415042166303,0.11941567072224775,0.05295064927809341,0.0025299809384328837,0.031651511730580464,0.00432501066957869,0.030519226625954004,0.005565639410906737,0.002364940053106743,0.006240382218101517,0.026867847061944745,0.0014670444518494143,0.02373177356963983,0.005909809100480343,0.3119009976139985,0.28650450511814357,0.021002101305610168,0.0005503898753442257,0.029436372423593194,NanoE6
30,F,31,0.9521890945157411,0.00026715600565260344,0.0002768453672041635,5.7458606436884025e-05,2.862607449630633e-05,0.9521890945157411,0.00010191441781470018,0.00018243075454142102,0.00965429605023962,1.8283701139022496e-05,0.025372165726859013,0.0030278935699310514,6.564357117551183e-05,0.00020671619825290348,8.58093327881246e-05,9.874850900409289e-05,0.000883094157952158,0.0003010819707378026,0.004508868403225664,0.001060463579832354,0.0016134094869754774,NanoE6
31,S,32,0.3785388946118878,0.06120028461989053,5.044126590085613e-05,0.021908629987472637,0.004938970746259686,0.0018097741256518185,0.023993253499569597,0.0004698827991524189,0.0073336623203836375,0.0032893123203093853,0.0015564373345777372,0.0030587626458135004,0.03664294924695682,0.006650314974081832,0.004440658218826892,0.008568581742418773,0.3785388946118878,0.42520228955938383,0.007197559242898966,0.001175404159933511,0.001973936578629811,NanoE6
32,D,33,0.18551479974814022,0.011568544865233989,0.0001067540929300726,0.18551479974814022,0.004654388334343641,0.0005622330260905945,0.05022977431388764,0.0012033142870629587,0.0006344130443144229,0.0003796437726205933,0.0005926494774607436,7.401328302198024e-05,0.07001498707611759,0.0008856548931358658,0.0010795197514249628,0.0015188574077168108,0.6283451530776027,0.03659301134191261,0.0008589962296804307,0.0005249714586655028,0.004658320518636577,NanoE6
33,Y,34,0.571102421406087,0.01713651121570718,0.002413009582170299,0.04253226784677638,0.006875860294500881,0.02692073459364951,0.01625950246823688,0.04498024800186226,0.004317010136587841,0.00832314817512263,0.005659521354143889,0.001148867683506633,0.11561458527866392,0.001073180151301529,0.005450320569910944,0.01666913286878262,0.06875258877581901,0.027685004447092508,0.005725005662500496,0.011361079487577603,0.571102421406087,NanoE6
34,D,35,0.12259944573406534,0.054857253158841254,0.0030686045329791005,0.12259944573406534,0.015538161240186931,0.031357503991467944,0.07684218169004012,0.032298881404926955,0.002570582072490058,0.0010366516763821918,0.0017833226945299869,0.0010398364423247672,0.041077198215330006,0.002265538451669325,0.004477021806028606,0.005297858261902076,0.06267612668747435,0.01980292818772056,0.008859373842252908,0.11230786190000293,0.4002436680093846,NanoE6
35,M,36,0.4672920057092691,0.006940302042906195,0.00019308911252711026,0.0001178785026309437,8.815785923033432e-05,0.0025748947823010238,0.00028085528189859886,8.68961914072269e-05,0.2641084845487947,0.00011593813860797525,0.052031238024485234,0.4672920057092691,0.0005802448446735086,0.00022060355661166202,0.00010742893478556918,5.9343171475465694e-05,0.0006391641985517066,0.025607307180720292,0.1655904984768538,0.013192793083902763,0.000172876358366786,NanoE6
36,G,37,0.03746532121216651,0.06577952523636701,0.004733383935943386,0.02365455140433142,0.010661704893090195,0.06803751820507932,0.03746532121216651,0.2766310335531103,0.0065627224282068,0.0015834360553516745,0.015173134759348483,0.004592986427851392,0.08182376664358673,0.0008250764494227437,0.06966604117702202,0.01532134540318109,0.11871638849917154,0.016093571054466196,0.005605152895529854,0.009293935254415311,0.167779404512358,NanoE6
37,W,38,0.9928486203718904,6.952629414596628e-05,0.0020780517091971208,2.3964277842782862e-05,2.3775020370185616e-05,0.0008022291067723778,0.0008166221113504521,6.883612183150019e-05,0.00011038369275494582,8.90969945673717e-06,0.0008653215715845337,2.1458098090475125e-05,1.742648869191309e-05,6.375596545371786e-05,6.090480512409985e-05,0.0012324054003847488,0.00045811929441412524,5.101119453482835e-05,0.0001430967653419913,0.9928486203718904,0.00023558201076714685,NanoE6
38,F,39,0.025476109779477094,0.004768254946769098,0.000441493922646069,0.0010453026086523392,0.0013314770839599266,0.025476109779477094,0.0010299361237877669,0.001357983504629941,0.2904143221810507,0.00011836846340443227,0.024668119189322494,0.011550782647258215,0.0011612578633008624,5.087605290461738e-05,0.0013853835192305932,0.0005850930581393153,0.001881100588823905,0.00377183820329101,0.5842600748693886,0.00048546571995895874,0.04421675967400409,NanoE6
39,R,40,0.9275534548606683,0.00012554452146065949,0.00891965761178812,3.372954804748655e-05,0.00012010313120833682,8.294260113419954e-05,0.0007484451553273721,0.023613607789235734,0.0002872750800945936,0.01918707579242415,0.0009767775761603923,0.00011346340650636993,0.0002574957644181935,0.0010337341805974887,0.008819566764205504,0.9275534548606683,0.002765060701741188,0.00036248522873708836,0.00014687681914941024,0.0038946553460438775,0.0009580481210515003,NanoE6
40,Q,41,0.9689195187142919,0.0006627932735582486,1.60551391817653e-05,0.00013843913033569273,0.006485662826930355,3.128096240053616e-05,0.0002696275214319062,0.003116764587596439,0.00016318028983566685,0.0058552919036246945,0.003114451458329168,0.0004053798338240899,0.00018884490791908634,0.0025886894948695532,0.9689195187142919,0.0058455666540062744,0.0006552739151090848,0.0005015408825367788,0.0005692269268929866,0.0002748647227463419,0.00019754685457941683,NanoE6
41,A,42,0.8319763199805024,0.8319763199805024,0.0001371109653542805,0.0028338102604174298,0.0029489284296166174,0.0035643349849516057,0.007028790015181155,0.0022166302058700908,0.0035200703913620345,0.0007564520208908948,0.015908049481113257,0.001455096141017753,0.0012825788654173545,0.04000715410801707,0.00165216587850143,0.002606301003068929,0.014015659687898098,0.030723530301451234,0.032444264186396156,0.00036292314684557126,0.004559829946126682,NanoE6
42,P,43,0.894070158778691,0.08548053572344506,2.4109464287123215e-05,0.0001407533020912218,0.00043057040165768337,8.435382263445804e-05,0.00047901691958662876,0.00037046582470485193,6.367427572042934e-05,7.724386118744135e-05,0.003944308785997732,7.958404111341068e-05,3.439047290580178e-05,0.894070158778691,0.0014743795900169423,0.00042414129802182234,0.008603282071842343,0.0028779057807942375,0.0012970253321722119,1.521232021878659e-05,2.8887932910831587e-05,NanoE6
43,G,44,0.9377746676146963,0.006073155266615465,0.00015018787831079302,0.013390313065194021,0.00384876605790458,2.892285149235543e-05,0.9377746676146963,0.0009172311516075171,3.210708093301872e-05,0.0005200719846330771,0.0002213637773296232,4.3147360153514297e-05,0.005735935371725221,0.0005202649085873896,0.0006681191143612154,0.006799824472517197,0.021505056446970653,0.0011447095675111195,0.0003061933685673545,0.0001923962659648099,0.00012756639492472751,NanoE6
44,K,45,0.8271350503945429,0.0013886696548603896,6.563305995264842e-05,0.0003541465521593467,0.01707892775219154,7.850803968435733e-06,0.005664505231806599,0.001197747648489102,0.00020622355710761737,0.8271350503945429,0.00039489331630106195,0.003220105143782113,0.005003467970822354,0.00010132287403993588,0.05787947978236062,0.07199633229019019,0.001924741770071775,0.0056307916007782505,0.00047482015505859984,0.00023999541796646147,3.529502355005736e-05,NanoE6
45,A,46,0.02732437231422782,0.02732437231422782,0.00017119808553694852,0.0081402148103408,0.011523297350514456,4.50847114608821e-05,0.9251647451305204,0.00020515928202968748,0.0001432953048528209,0.0012583036459042638,0.00024406266201453016,0.00014277504360558248,0.0011398249058779978,0.0028942391517079655,0.0015507481297347759,0.006204355703247195,0.008159326402847404,0.002161047653949872,0.0030707109750345344,0.00039085718111396,6.638155547811353e-05,NanoE6
46,R,47,0.002715590628368575,0.0021340697644615506,0.0002325772381798497,9.598281633085402e-06,4.63479772478185e-05,0.0027398770370952005,5.438906834249392e-05,0.0006872020619211972,0.004221907407389358,0.00014804376198829594,0.31546382366358694,0.006914026328954336,3.162620083086487e-05,0.6519659284564194,0.001466246976192144,0.002715590628368575,0.0016652001902710992,0.002545548502471539,0.0064780313049169706,0.00037471665293745414,0.00010524849679181354,NanoE6
47,E,48,0.9610971113453413,0.0028390216082266923,0.00011506577642427573,0.003762958160969011,0.9610971113453413,1.7607564332437974e-05,0.0020015257042297384,0.0001650041838953841,8.538135774964008e-05,0.0021161787534309745,0.00024129138780711723,0.00015096792139867663,0.00021498202140060217,8.67169864761103e-05,0.0228065837086519,0.0007868081803257712,0.00036203391017206927,0.0006680694285425021,0.0023185931319146657,0.00012161947310511777,4.247939560603588e-05,NanoE6
48,F,49,0.033616618595580905,0.0019676135978158853,0.012269074003846726,0.0005486946034033869,0.0006552425830257934,0.033616618595580905,0.0018506006276031136,0.006205629104193545,0.0017435348327459793,0.0010836577597087289,0.017033463162551755,0.001768492886703748,0.0017607148885573766,0.0006977073326243083,0.002321843926868844,0.030516307719438623,0.006489906233421765,0.0035208720851587455,0.001653935158238011,0.8438150991677238,0.030480991730788932,NanoE6
49,V,50,0.6749428786916873,0.007435404157219858,0.00017985930327222587,0.0001719545311302727,0.0007901623447252361,0.00581089843204584,0.00030620232263476536,0.00015738692831924252,0.17568870445057205,0.00011233057118615244,0.10745085697895969,0.021332450955564495,6.819057502193465e-05,0.00016207009505393063,0.0002707525550295442,0.0002111394953088058,0.00044438007398295634,0.0028187261656147577,0.6749428786916873,0.001191755621971129,0.0004538957506997886,NanoE6
50,A,51,0.4831323616326837,0.4831323616326837,0.006516566612146438,0.004393188352348714,0.0011952150564672694,0.002349939529567028,0.12400548228503598,0.0008647505050380876,0.003863273190583205,0.00018859781063363087,0.017258571580191853,0.0021396626705774894,0.002603821596351741,0.0075563942134501735,0.00048179479079536687,0.0008611068393042521,0.23034173116816153,0.08752206715111628,0.02161289897806114,0.0005189428241141476,0.0025936332133719956,NanoE6
51,R,52,0.07399031957969814,0.03358983306138434,0.0074548530317095265,0.01597634467415867,0.015868469073026054,0.0723710175980405,0.032993690482612276,0.04789983676854925,0.031530105946709,0.008206590112586636,0.04116986415008323,0.015388237207981546,0.006759191760087921,0.000842592845195287,0.022588077169299364,0.07399031957969814,0.07541918557415143,0.030811427668016284,0.051053982170358864,0.06480555719456652,0.35128082393178517,NanoE6
52,I,53,0.846254423954605,0.0030149391888058,0.0008946406129774082,0.00021408508696805847,0.0002330478814572328,0.02090233455071427,0.002024410418307192,0.0002528483199759247,0.846254423954605,7.087942105216024e-05,0.03712410444034196,0.014789483849395494,0.0003166991510208898,9.476749083517178e-05,0.0002513933902604146,0.00022440311682327038,0.0013621307660017135,0.003372479813091046,0.0656443126717526,0.0005378086513454638,0.0024208072242689147,NanoE6
53,S,54,0.46898208044506035,0.03831235216253182,0.0006356777304091215,0.10662620371365228,0.018145833230360012,0.007182922213760094,0.04592038899783107,0.01341860166862006,0.006661124250757644,0.0139786071848603,0.01119492905553396,0.002495958185899621,0.04858352228504993,0.006318491282053127,0.014244851591431181,0.01841824337530457,0.46898208044506035,0.06861662842324558,0.011338637328661577,0.03226388203464856,0.06666106484032917,NanoE6
54,R,55,0.0891308726205032,0.1089599845024256,0.0007796133928468544,0.021616863103307685,0.011527709654025362,0.004825105306808656,0.1008672347771912,0.011309404324501454,0.014721832297732045,0.05306800087932745,0.013860362206624895,0.004483166209470016,0.06745211369879602,0.07097029526387943,0.013646440884823486,0.0891308726205032,0.25960264128911786,0.06614002219270955,0.010800180452352032,0.01606852551847723,0.060169631425079986,NanoE6
55,S,56,0.2527711788779762,0.027529552591312883,0.000535046863302151,0.2358321578526289,0.02719497030554186,0.005286688553004435,0.09296103832928558,0.013795399879881282,0.003936555532104415,0.007038730388425261,0.004949050055693806,0.0018501018472105247,0.14842010069111863,0.0025575964245481784,0.00868884992064857,0.011542192904353632,0.2527711788779762,0.06841274256031381,0.006185560274974224,0.005864487161344599,0.07464799898633105,NanoE6
56,G,57,0.39175360092771677,0.03884570154815976,0.0004732036484820133,0.11694374958398587,0.026149292999311666,0.0012897069988183586,0.39175360092771677,0.0040488593040770345,0.0018914900164401563,0.00665450964589434,0.002502305588396665,0.0007120520269294413,0.0739900131713537,0.0060193402201678785,0.006043366335023493,0.008326414473301784,0.24420169404930175,0.044494395717742344,0.006778597769435716,0.004317158138370659,0.014564547837090566,NanoE6
57,R,58,0.013584072892475619,0.027708962074310752,0.0006252364095335207,0.006923202623051581,0.0027851548542888135,0.003915164178225458,0.1301478429391312,0.0017239797509947274,0.0010698854972903916,0.00205032539187375,0.006103877717016386,0.001039021162247922,0.0032692133553294403,0.004981055902997595,0.0026802613092120915,0.013584072892475619,0.6994317623672451,0.04089274358868743,0.004198581974307922,0.025526090002649278,0.021343566009130975,NanoE6
58,M,59,0.0036336054278594846,0.07819191114527727,0.0012805852331082732,0.05096317237870185,0.0374207689001081,0.009888473923553397,0.08892583354972812,0.007337890390824753,0.015978802382226397,0.01000044955519946,0.020189359241143165,0.0036336054278594846,0.010595159360337954,0.10212007704735798,0.020892687635208112,0.02856675874842419,0.2328298029562899,0.15533760234882815,0.05695779996998989,0.007892486609337659,0.0609967731964959,NanoE6
59,T,60,0.6261903133118187,0.04503361994164649,0.0002785086685850784,0.02731122158438061,0.06681675557147472,0.002998087822881442,0.013286058627438478,0.0009599784259664285,0.04938263278938644,0.0064859294077642795,0.00968865864190733,0.009357922046812015,0.012516382438105059,0.012119501504430343,0.007279617695509564,0.007234542271176113,0.04987710635700833,0.6261903133118187,0.046463336847358136,0.0018800726316648354,0.00483975341468558,NanoE6
60,S,61,0.0420368249880324,0.01467945973471312,0.0009039167351334713,0.036829172037375464,0.012447358334261607,0.12113391031621103,0.01877891798157293,0.05409355076863844,0.009326809398401812,0.022254574720433025,0.030300566117579426,0.006751828446889497,0.06095138580539258,0.0012249772107546962,0.018248927408993917,0.01405898782804504,0.0420368249880324,0.015134985519804507,0.010657085251269486,0.019244188555121073,0.4909425728413765,NanoE6
61,L,62,0.010086631492640184,0.0026665250279819066,0.0005905738585423076,0.010428394495792404,0.00624654936997364,0.02208042167802206,0.0008587334140526717,0.011311243989781866,0.0038122476285081734,0.0025597736272172196,0.010086631492640184,0.0012577700551104141,0.024646443461238024,0.0024606867770603667,0.004122207531597479,0.0025945678509277413,0.006050582106502898,0.002157607436308501,0.005706462714489259,0.0013590901192563833,0.8790034873649964,NanoE6
62,A,63,0.6280534982109917,0.6280534982109917,0.0026987922310169705,0.004279363733486827,0.011851188040128004,0.001319227769947524,0.05599788508649643,0.0022746002770094214,0.0022628174388379576,0.006477030008216949,0.0062392142298173985,0.0012796750907126514,0.0018922114120922466,0.04630089381800529,0.04748496543455861,0.013484821899415278,0.10011528640471126,0.02808653446983774,0.033309145112288746,0.003055419730240247,0.003537429602188802,NanoE6
63,D,64,0.8516434730831038,0.01963896909535835,3.74783289278221e-05,0.8516434730831038,0.05553934392892724,2.4772442783152882e-05,0.01943441439359336,0.0014101506287433315,3.114526620128741e-05,0.0013339976860435633,0.00017276223178858572,1.6381394022859538e-05,0.014045987364321957,0.0132058237702744,0.008710151252741301,0.0004663911149202939,0.010190339151683752,0.0018569448569902447,0.0008995078108071242,9.235354510899748e-05,0.001249612653658503,NanoE6
64,S,65,0.7579205977664808,0.14460154297050576,0.0004676708414878494,0.0031977780301817474,0.0021984336138876344,0.0007174047884606402,0.030902814717451106,0.00044903913258857,0.0002977820986275753,0.0022414164323073076,0.0018946188619679367,0.00035886561275480316,0.003466540265157706,0.02367288695695051,0.001573538454049305,0.002235327287011615,0.7579205977664808,0.021224596050849934,0.0021170658033007363,0.0002329104478611509,0.00022916986811728342,NanoE6
65,V,66,0.8652601243831435,0.038529346721609146,4.3705374951270196e-05,0.00022687730977955672,0.0005605732717333361,0.0018555955535529396,0.00045154551430771157,7.229456075665625e-05,0.025713989084818274,0.0003769531022107234,0.01486164906312472,0.012708490231025651,0.0003383056794726918,0.0030730624274208805,0.00037317969069383883,0.00028835481670460753,0.0016065634914182282,0.03353602896312259,0.8652601243831435,3.8311044790100346e-05,8.504971536360404e-05,NanoE6
66,K,67,0.8999197137014697,0.0006623053963989801,2.164060392737387e-05,7.082753865377885e-05,0.001005218064946004,6.749023512046063e-06,0.000981563367344731,0.0004991916206157711,0.00021484639907724907,0.8999197137014697,0.00032359990831607165,0.0008394099077729393,0.02050380987407537,4.741519610938621e-05,0.028406581662740665,0.043094839024360905,0.0012170310074806352,0.002010224244302986,9.944970179560175e-05,5.5988711346981665e-05,1.9595045752845148e-05,NanoE6
67,G,68,0.959231299252533,0.0017174720801801135,0.00016181694231334553,0.00494946933365652,0.0010579828197741187,8.902062248259894e-06,0.959231299252533,0.00021518434736237396,4.812269350089047e-06,0.0009321220320401184,2.5621453405574063e-05,1.0144063253771966e-05,0.007304931914222331,0.00022173911285938887,0.0008671384243997631,0.004171720594557642,0.01852832402862714,0.00043011554283235655,7.317453968676017e-05,5.445192283222083e-05,3.357726386509874e-05,NanoE6
68,R,69,0.9549507589598372,0.00042374283624014593,0.0037090402979531975,7.593842533667786e-05,0.00019419743047844077,5.403736123782034e-05,0.003348819611265239,0.011383277428184164,0.00023176096843956326,0.006726646212024066,0.0018070221176150053,0.0002224663453742215,0.00018096459527269454,0.0007980155807708845,0.010457783691539645,0.9549507589598372,0.0031820716838553533,0.0007843573295890535,0.00012697879563870797,0.0012176961834233014,0.0001244241459246301,NanoE6
69,F,70,0.9227802640856225,0.011332565449455165,0.002555322886679866,0.00011131118408067156,0.00011353225694851778,0.9227802640856225,0.0017385997965801837,0.00019938153494223587,0.0065325645805826065,0.00020981968603766657,0.009042824242930422,0.0008764083210847405,0.0003823311400687693,0.0003670242307584217,8.524779427377715e-05,0.0001403140144941459,0.01738822006467022,0.00429885109503819,0.019907859904196495,0.0001571271508077949,0.0017804305807476196,NanoE6
70,T,71,0.8896304398320843,0.01091434434578658,0.0005127728870948986,0.00026860719931312923,0.00010734541671756982,0.0011013445018388042,0.001203623294482919,0.0002860434935007589,0.014319105012607919,0.0006602303110402336,0.001883042120845694,0.0022911890352810952,0.0010466739451052407,0.0024629467546102486,0.0002241201982514193,0.0017422037526930625,0.06776078742121075,0.8896304398320843,0.0033204307608608367,8.375255544138124e-05,0.00018099716123307042,NanoE6
71,I,72,0.8485737427743056,0.022727111206172847,0.0001525832537846485,0.00015885421569972248,0.00011824817326639679,0.001509227227329162,0.0009467678465941609,7.130403081827258e-05,0.8485737427743056,6.571994106922176e-05,0.009470714240236034,0.011126816433028756,0.0006082812247503072,0.0011119129902808814,8.227042492767146e-05,7.681270207771198e-05,0.0058480766698524875,0.035582117247361274,0.06164019046890626,4.3610939896042456e-05,8.563798964253083e-05,NanoE6
72,S,73,0.9525247386269111,0.002794781300656686,0.0005008932076061856,0.0001915284270563028,0.00017669768785835263,0.0014046201398081406,0.0016905195672062146,0.00017343611971066536,0.0006404490265370326,0.00040409761626965674,0.003010010250576369,0.0001765620869070886,0.0032456177037896005,0.0010241708462932376,0.000612746034513864,0.0017926028971181453,0.9525247386269111,0.028650708264864603,0.000324686683914619,0.00034908155408296424,0.00031205195831912066,NanoE6
73,R,74,0.9114796199627104,0.002621934954396239,0.0016585635813430488,0.0006301212539187,0.0016357793260536172,0.0001497927875781179,0.006943594353069644,0.003341086325002227,0.0010399212459121486,0.01597650403139089,0.002393509837613536,0.0020856462438154717,0.0012299236897397197,0.0008438574716355586,0.033022716438286755,0.9114796199627104,0.005940410955054128,0.004442383074800502,0.0009558074142853453,0.0033645029717868057,0.000244324081607117,NanoE6
74,D,75,0.8798999087610871,0.002263587599557582,3.224738375314509e-05,0.8798999087610871,0.055667179250679655,9.408346335616424e-05,0.0014931679237997668,0.0014530066153586958,0.00054811192599222,0.00042426501352053,0.0003704043063852772,8.103976231506942e-05,0.04702002961741179,0.00013096808803735353,0.0031470842292296575,9.612216899146919e-05,0.0032245478107965665,0.0007648001544145206,0.0022160280511860438,4.6151863048250886e-05,0.0010272660110790754,NanoE6
75,N,76,0.6446920665931871,0.014579175942834541,4.336826348812268e-05,0.14174960273859674,0.0047450846340440465,0.0004366855619360914,0.003562861555481135,0.0029053959463902807,0.010304267522087702,0.009152895640105699,0.0010255513116458565,0.0008028729738294352,0.6446920665931871,0.0016519601007431324,0.0014810404709938183,0.0009458955261454023,0.06910318544182459,0.08641274409544353,0.004333447054356499,8.170128581722688e-05,0.001990197341049008,NanoE6
76,G,77,0.14095536158212824,0.5053163870202583,6.57571363509868e-05,0.0072750563375852334,0.006132978025692151,0.00046481588579974214,0.14095536158212824,0.0004337538069931558,0.0018834920164746667,0.0035014862355095904,0.003898655588041706,0.0016352268274669151,0.010417837903925404,0.009127515059909884,0.007999765627817165,0.009841902620509867,0.22155489228127279,0.055837278011750244,0.011805826243643583,0.0011689281971485072,0.0006830835917218566,NanoE6
77,K,78,0.512343334827896,0.013864478270261249,0.000172371717153086,0.0007472551515546541,0.0030694444283832323,0.0005837794954180634,0.002270671139124499,0.001640036340493241,0.0017056730547464014,0.512343334827896,0.0034973648206726785,0.002702385426516913,0.0031928116962351375,0.00016205939381371847,0.025227676200816302,0.40392769159398817,0.01317695181368262,0.007226128829170102,0.0029565961946762392,0.001134583777457131,0.00039870582794061587,NanoE6
78,R,79,0.008241566180479427,0.003849990119394232,0.0003607523054672306,0.011466908726662863,0.016831404256028557,0.00032949446513490336,0.0023383270562678435,0.008236128768869188,0.00025730038040899843,0.07853713877949396,0.00037210798405990924,0.00039285758754139865,0.7130454756417295,0.00013056856185326968,0.022873270133360248,0.008241566180479427,0.12265343910316659,0.006763741411386016,0.00015258141119543287,7.182048388106811e-05,0.003095126643619389,NanoE6
79,T,80,0.8120886800462038,0.02113601500745514,0.00011969953500882974,0.006686732092215387,0.0078015953921898714,0.002406026747109947,0.0005294063639293216,0.001436339031173989,0.009366977537098515,0.005162476185633755,0.009262542942882783,0.025956141838718406,0.007119523684733019,0.001109310435843722,0.013341668201506621,0.00527789193394978,0.05275491727493762,0.8120886800462038,0.016184643359688024,0.0004861814002589165,0.0017732309894625115,NanoE6
80,V,81,0.2096037065730359,0.07618449754902294,0.0005169655215272649,0.00040385219450131274,0.0010161453936742058,0.03126490649229729,0.005566453742169534,0.001455615252240849,0.025932078468564164,0.0002046328647364377,0.612043790041134,0.01098326531168571,0.0001682811415582753,0.00215532061397412,0.0012544047320135875,0.0015288592778839693,0.004760448366535099,0.008008961926515741,0.2096037065730359,0.0049170493514708764,0.0020307651854587507,NanoE6
81,Y,82,0.5304692940012513,0.0053129250004339745,0.017546111120638395,0.003050702799046804,0.0005645213701463786,0.10307264274830089,0.00039375063237978423,0.05647489433568352,0.0025619888987313583,0.00028316808183781895,0.008082687583541989,0.00024225166098805638,0.018743858780039886,0.003912716508526529,0.0017663390252898653,0.0015541989834315384,0.18629421273601335,0.05622149095797829,0.002153424022172307,0.0012988207535679058,0.5304692940012513,NanoE6
82,L,83,0.9696659125583301,0.0001345347945997665,1.6393317924384143e-05,5.132521668996882e-06,3.42061902957819e-05,0.004693717613069245,1.8676175657491223e-05,0.00031785385214352604,0.002361194206901107,5.4286771345804796e-05,0.9696659125583301,0.011302289682965976,1.3430884667045437e-05,0.004617168698599277,0.001139001670783086,0.000541159850384586,0.0004644419242731651,0.0002772386404287913,0.003978244505153689,0.00031434733353655144,5.076880727163514e-05,NanoE6
83,Q,84,0.9284512148215855,0.0019202880444309665,1.3689248576084831e-05,0.0002637628952460818,0.0069708749619943255,1.826517251158525e-05,0.0006595402346789052,0.007642411376106877,0.0003028489232245261,0.025028724445631752,0.0020113574778105963,0.0006325686829244073,0.0005283217322820152,0.000961882146709179,0.9284512148215855,0.015962581391201918,0.001268523727904994,0.006412593752531954,0.0007200177222119299,0.00011403861524706282,0.00011649462718927434,NanoE6
84,M,85,0.9603987778389314,0.0009270051101011494,6.4540897749382695e-06,2.2332470563387463e-06,1.0466624540604023e-05,6.057782363686723e-05,7.182524483017404e-05,4.107750331493564e-06,0.023197219681017848,0.00023960021137931373,0.007271224708623593,0.9603987778389314,8.479607317646397e-06,2.1919149760657212e-05,2.535728202010167e-05,0.0003525585078874411,4.6178886858827096e-05,0.003234196025253486,0.004084307328863545,3.54411398132737e-05,2.069742001396058e-06,NanoE6
85,N,86,0.5990135600648915,0.01343382867686524,0.00023718956065178176,0.006465864538335976,0.0004123192907529176,4.925593601616391e-05,0.017615185530977275,0.006327109052531123,0.00039861121131002427,0.004936018773717641,0.0002448299835203601,0.00014437994872385285,0.5990135600648915,9.885881604599904e-05,0.0021320785208741137,0.022726753871832855,0.2902402969162289,0.03465268554421078,0.0004771877655939278,2.9967116370979875e-05,0.0003640188805486603,NanoE6
